{
  "advancedEditorSelectedIdentifier" : "ProjectBrowser",
  "openSceneRelativePaths" : [
    "Login.usda",
    "Vegeta.usda",
    "goku.usda"
  ],
  "recentIdentifiers" : {
    "2FBD9158-ECE4-4338-8331-41EBD38FDAB8" : [

    ],
    "520AFDB7-43C3-4647-B5B4-D4DB5682ED46" : [

    ],
    "9515CE42-AC45-4071-81A6-12DC0DB3B49A" : [

    ]
  },
  "sceneCameraHistory" : {
    "2FBD9158-ECE4-4338-8331-41EBD38FDAB8" : [
      {
        "date" : 739631712.013331,
        "title" : "Untitled",
        "transform" : [
          0.9959303,
          6.9975586e-10,
          0.09012713,
          0,
          0.011797823,
          0.9913954,
          -0.13036872,
          0,
          -0.08935172,
          0.13090144,
          0.98736066,
          0,
          0.046965506,
          0.24379161,
          0.63927805,
          1
        ]
      },
      {
        "date" : 739631704.070521,
        "title" : "Untitled",
        "transform" : [
          0.99319935,
          5.1124216e-10,
          0.116426066,
          0,
          0.025146212,
          0.9763969,
          -0.21451512,
          0,
          -0.11367815,
          0.21598393,
          0.9697567,
          0,
          0.03277254,
          0.29747033,
          0.61705256,
          1
        ]
      },
      {
        "date" : 739631702.708982,
        "title" : "Untitled",
        "transform" : [
          0.99319935,
          5.1124216e-10,
          0.116426066,
          0,
          0.025146212,
          0.9763969,
          -0.21451512,
          0,
          -0.11367815,
          0.21598393,
          0.9697567,
          0,
          0.0040512085,
          0.30843735,
          0.61124307,
          1
        ]
      },
      {
        "date" : 739631671.673655,
        "title" : "Untitled",
        "transform" : [
          0.99319935,
          5.1124216e-10,
          0.116426066,
          0,
          0.025146212,
          0.9763969,
          -0.21451512,
          0,
          -0.11367815,
          0.21598393,
          0.9697567,
          0,
          0.015168607,
          0.4236877,
          0.5868776,
          1
        ]
      },
      {
        "date" : 739631663.180936,
        "title" : "Untitled",
        "transform" : [
          0.99319935,
          5.1124216e-10,
          0.116426066,
          0,
          0.025146212,
          0.9763969,
          -0.21451512,
          0,
          -0.11367815,
          0.21598393,
          0.9697567,
          0,
          0.018229425,
          0.54253864,
          0.5607656,
          1
        ]
      },
      {
        "date" : 739631623.921771,
        "title" : "Untitled",
        "transform" : [
          0.99319935,
          5.1124216e-10,
          0.116426066,
          0,
          0.025146212,
          0.9763969,
          -0.21451512,
          0,
          -0.11367815,
          0.21598393,
          0.9697567,
          0,
          0.12637444,
          0.5842555,
          1.5099046,
          1
        ]
      },
      {
        "date" : 739631618.3052,
        "title" : "Untitled",
        "transform" : [
          0.9844003,
          -5.865513e-10,
          0.17594346,
          0,
          0.0008524929,
          0.99998826,
          -0.0047693835,
          0,
          -0.1759415,
          0.0048449463,
          0.9843887,
          0,
          0.014107461,
          0.1859654,
          1.1584285,
          1
        ]
      },
      {
        "date" : 739631614.975745,
        "title" : "Untitled",
        "transform" : [
          0.98709416,
          -1.1533259e-09,
          0.16014063,
          0,
          0.02647582,
          0.9862386,
          -0.1631945,
          0,
          -0.15793699,
          0.16532819,
          0.9735103,
          0,
          0.015357252,
          0.14124334,
          0.42963162,
          1
        ]
      },
      {
        "date" : 739631600.661756,
        "title" : "Untitled",
        "transform" : [
          0.5105831,
          -2.1281563e-09,
          0.85982835,
          0,
          0.09899253,
          0.9933504,
          -0.058783654,
          0,
          -0.854111,
          0.11513053,
          0.50718784,
          0,
          -0.32534778,
          0.11969261,
          0.29084596,
          1
        ]
      },
      {
        "date" : 739631588.23781,
        "title" : "Untitled",
        "transform" : [
          0.9792358,
          -1.626248e-09,
          0.20272425,
          0,
          0.029713787,
          0.9892,
          -0.14352867,
          0,
          -0.20053506,
          0.14657213,
          0.9686601,
          0,
          -0.0037852675,
          0.1332122,
          0.4324454,
          1
        ]
      }
    ],
    "520AFDB7-43C3-4647-B5B4-D4DB5682ED46" : [
      {
        "date" : 739631452.013283,
        "title" : "Untitled",
        "transform" : [
          0.99604,
          5.227756e-09,
          -0.08890577,
          0,
          0.0043127364,
          0.9988227,
          0.04831681,
          0,
          0.08880112,
          -0.048508964,
          0.9948675,
          0,
          0.11195526,
          0.15343449,
          0.4461326,
          1
        ]
      },
      {
        "date" : 739631377.321529,
        "title" : "Untitled",
        "transform" : [
          0.78639114,
          3.8121026e-09,
          0.6177288,
          0,
          -0.069737606,
          0.99360704,
          0.088778526,
          0,
          -0.6137797,
          -0.112893656,
          0.78136384,
          0,
          -0.22967912,
          0.12378266,
          0.40870005,
          1
        ]
      },
      {
        "date" : 739631368.253728,
        "title" : "Untitled",
        "transform" : [
          0.9918374,
          1.9879796e-09,
          0.12750894,
          0,
          0.0013812515,
          0.9999413,
          -0.01074408,
          0,
          -0.12750143,
          0.010832424,
          0.9917792,
          0,
          0.014594628,
          0.1801171,
          0.44995022,
          1
        ]
      },
      {
        "date" : 739631324.661228,
        "title" : "Untitled",
        "transform" : [
          0.98604894,
          1.8947366e-09,
          0.16645546,
          0,
          -0.0054847305,
          0.99945694,
          0.03249051,
          0,
          -0.16636507,
          -0.03295028,
          0.98551357,
          0,
          -0.004371262,
          0.16049017,
          0.4575305,
          1
        ]
      },
      {
        "date" : 739631319.172978,
        "title" : "Untitled",
        "transform" : [
          0.9875671,
          1.8616617e-09,
          0.1571981,
          0,
          -0.0409541,
          0.9654671,
          0.2572864,
          0,
          -0.1517696,
          -0.26052552,
          0.95346344,
          0,
          -0.003965115,
          0.052955694,
          0.48196507,
          1
        ]
      },
      {
        "date" : 739631317.684534,
        "title" : "Untitled",
        "transform" : [
          0.99791193,
          7.57332e-10,
          0.06458983,
          0,
          -0.02132204,
          0.94394094,
          0.32942533,
          0,
          -0.060969014,
          -0.3301147,
          0.9419698,
          0,
          0.040747564,
          0.018121796,
          0.48282665,
          1
        ]
      },
      {
        "date" : 739631312.339393,
        "title" : "Untitled",
        "transform" : [
          0.9978989,
          -6.716849e-11,
          -0.06479087,
          0,
          0.0006332559,
          0.9999523,
          0.009753162,
          0,
          0.06478774,
          -0.009773734,
          0.9978511,
          0,
          0.10072568,
          0.17092162,
          0.44243696,
          1
        ]
      },
      {
        "date" : 739631310.779121,
        "title" : "Untitled",
        "transform" : [
          0.9996386,
          1.1383088e-09,
          0.026884135,
          0,
          -0.0060058646,
          0.9747273,
          0.22331768,
          0,
          -0.02620472,
          -0.22339842,
          0.97437483,
          0,
          0.060756702,
          0.07792485,
          0.4133822,
          1
        ]
      },
      {
        "date" : 739631307.171113,
        "title" : "Untitled",
        "transform" : [
          0.99978226,
          1.3133055e-09,
          -0.020870777,
          0,
          0.0005759719,
          0.9996192,
          0.027590642,
          0,
          0.0208628,
          -0.027596647,
          0.9994014,
          0,
          0.08113649,
          0.16295464,
          0.44419283,
          1
        ]
      },
      {
        "date" : 739631288.713393,
        "title" : "Untitled",
        "transform" : [
          0.99978226,
          1.3133055e-09,
          -0.020870777,
          0,
          0.0005759719,
          0.9996192,
          0.027590642,
          0,
          0.0208628,
          -0.027596647,
          0.9994014,
          0,
          0.12489804,
          0.16670494,
          0.44338286,
          1
        ]
      }
    ],
    "9515CE42-AC45-4071-81A6-12DC0DB3B49A" : [
      {
        "date" : 739629841.147925,
        "title" : "Untitled",
        "transform" : [
          0.99999994,
          0,
          -0,
          0,
          -0,
          0.8660254,
          -0.49999988,
          0,
          0,
          0.49999988,
          0.8660254,
          0,
          0,
          0.21900551,
          0.37932873,
          1
        ]
      }
    ],
    "AF09ED6F-1707-48FD-8720-65B998362C09" : [
      {
        "date" : 739614310.065133,
        "title" : "Untitled",
        "transform" : [
          1,
          0,
          -0,
          0,
          -0,
          0.86602443,
          -0.5000016,
          0,
          0,
          0.5000016,
          0.86602443,
          0,
          0,
          3.7952313,
          4.4561944,
          1
        ]
      }
    ],
    "D66134B1-3681-4A8E-AFE5-29F257229F3B" : [
      {
        "date" : 739614362.365332,
        "title" : "Untitled",
        "transform" : [
          0.999344,
          2.7350375e-10,
          0.036217105,
          0,
          0.015233669,
          0.9072366,
          -0.4203449,
          0,
          -0.032857485,
          0.42062083,
          0.90664136,
          0,
          -0.007927571,
          0.16483314,
          0.40822256,
          1
        ]
      },
      {
        "date" : 739614318.038579,
        "title" : "Untitled",
        "transform" : [
          0.9993439,
          2.7350372e-10,
          0.0362171,
          0,
          0.015233668,
          0.90723646,
          -0.42034483,
          0,
          -0.03285748,
          0.42062077,
          0.90664124,
          0,
          -0.014441614,
          0.18487252,
          0.39868963,
          1
        ]
      },
      {
        "date" : 739614310.088973,
        "title" : "Untitled",
        "transform" : [
          0.99999994,
          0,
          -0,
          0,
          -0,
          0.8660254,
          -0.49999988,
          0,
          0,
          0.49999988,
          0.8660254,
          0,
          0,
          0.21976145,
          0.380838,
          1
        ]
      }
    ]
  },
  "selectedSceneRelativePath" : "Login.usda"
}